HEADER                      version   3.8  4.1.124                            0 0
PLACE                       Q3       1508   3508    0   0 00 SOT223 
PLACE                       C10      1680   3430    0  90 00 0603 
PLACE                       C9       1815   3425    0  90 00 1206 
PLACE                       C8       1335   3430    0  90 00 0603 
PLACE                       C7       1200   3425    0  90 00 1206 
PLACE                       R16      1034   3366    0 270 00 0603 
PLACE                       Q2        929   3366    0  90 00 DMG1012T-7-ALT 
PLACE                       Q1        834   3366    0 270 00 DMG1012T-7-ALT 
PLACE                       R12       944   3981    0  90 00 0603 
PLACE                       C6       1149   4051    0 270 00 0603 
PLACE                       R2       1209   4051    0  90 00 0603 
PLACE                       C2       1325   4021    0  90 00 1206 
PLACE                       C3       1410   4046    0  90 00 0603 
PLACE                       U1       1599   4096    0  90 00 SO-8EP 
PLACE                       R4       1820   4160    0  90 00 0603 
PLACE                       R3       1820   4041    0  90 00 0603 
PLACE                       C5       1665   3956    0 180 00 0603 
PLACE                       C4       1690   3876    0 180 00 1206 
PLACE                       R1       1210   4200    0 270 00 0603 
PLACE                       LED1      944   4141    0   0 00 LED0603 
PLACE                       J2        574   4215    0 180 00 SMT-MICROUSB-C77238 
PLACE                       R6        999   2741    0   0 00 0603 
PLACE                       R5        999   2681    0   0 00 0603 
PLACE                       C16       999   2571    0   0 00 0603 
PLACE                       C17       999   2421    0   0 00 0603 
PLACE                       R10       999   1981    0   0 00 0603 
PLACE                       R9        999   1926    0   0 00 0603 
PLACE                       R100      999   1866    0 180 00 0603 
PLACE                       R18       999   1791    0 180 00 0603 
PLACE                       J1        830   1801    0  90 00 AMP-1473005-4 
PLACE                       R13       999    991    0   0 00 0603 
PLACE                       R17       999    936    0 180 00 0603 
PLACE                       R14       239    976    0   0 00 0603 
PLACE                       R15       239   1031    0   0 00 0603 
PLACE                       C14       299    766    0 180 00 1210 
PLACE                       C15       299    616    0 180 00 1210 
PLACE                       C13       299    476    0 180 00 1210 
